POS SEQ  SCORE    QQ-INTERVAL     STD      MSA DATA
1    P    0.3848   [-0.1109,0.5396] 0.3359 180/180
2    K    0.7663   [0.2898,0.8480] 0.2784 179/180
3    F    0.2711   [-0.1109,0.5396] 0.2685 179/180
4    E    -0.4300  [-0.7131,-0.2787] 0.1850 179/180
5    A    -0.9490  [-1.1112,-0.8452] 0.1111 179/180
6    A    -0.5064  [-0.7131,-0.4331] 0.1833 179/180
7    Y    -0.7195  [-0.9760,-0.5766] 0.1674 179/180
8    D    -0.1966  [-0.4331,-0.1109] 0.2241 179/180
9    F    -0.9925  [-1.2695,-0.9760] 0.1202 179/180
10   P    2.2656   [1.2512,3.4110] 0.7290 179/180
11   G    -0.5140  [-0.8452,-0.4331] 0.1969 179/180
12   S    0.0220   [-0.2787,0.0769] 0.2083 179/180
13   G    -0.8152  [-1.2695,-0.5766] 0.3726  44/180
14   S    -0.0183  [-0.2787,0.0769] 0.2202 166/180
15   S    1.1196   [0.5396,1.2512] 0.3513 179/180
16   S    -0.7293  [-0.9760,-0.5766] 0.1481 180/180
17   E    -0.9879  [-1.2695,-0.9760] 0.1180 180/180
18   L    -0.2588  [-0.5766,-0.1109] 0.1996 180/180
19   P    -0.2154  [-0.4331,-0.1109] 0.1967 180/180
20   L    -0.0440  [-0.4331,0.0769] 0.2279 180/180
21   K    2.0136   [1.2512,1.8594] 0.5513 180/180
22   K    0.1786   [-0.1109,0.2898] 0.2570 180/180
23   G    0.5086   [0.0769,0.8480] 0.3187 180/180
24   D    0.6382   [0.2898,0.8480] 0.2921 180/180
25   I    0.6006   [0.0769,0.8480] 0.2863 180/180
26   V    -0.1325  [-0.4331,0.0769] 0.2022 180/180
27   F    0.5475   [0.0769,0.8480] 0.2988 180/180
28   I    -0.5991  [-0.8452,-0.5766] 0.1451 180/180
29   S    0.7076   [0.2898,0.8480] 0.3054 180/180
30   R    0.3925   [0.0769,0.5396] 0.2488 180/180
31   D    -0.2305  [-0.5766,-0.1109] 0.2028 180/180
32   E    -0.4534  [-0.7131,-0.2787] 0.1855 180/180
33   P    1.3035   [0.8480,1.8594] 0.3800 170/180
34   S    -0.6485  [-0.8452,-0.5766] 0.1457 180/180
35   G    -1.1029  [-1.3917,-0.9760] 0.1335 180/180
36   W    -1.2530  [-1.3917,-1.2695] 0.0543 180/180
37   S    -0.8752  [-1.1112,-0.8452] 0.1601 180/180
38   L    -1.1283  [-1.3917,-1.1112] 0.1072 180/180
39   A    -0.5720  [-0.8452,-0.4331] 0.1602 180/180
40   K    -0.3918  [-0.7131,-0.2787] 0.1858 180/180
41   L    0.6007   [0.2898,0.8480] 0.2832 180/180
42   L    0.8352   [0.2898,1.2512] 0.4254  99/180
43   D    -0.0158  [-0.4331,0.2898] 0.3259  90/180
44   G    0.9427   [0.5396,1.2512] 0.3307 180/180
45   S    0.5411   [0.0769,0.8480] 0.2821 180/180
46   K    2.7900   [1.2512,3.4110] 0.7699 180/180
47   E    -0.5965  [-0.8452,-0.4331] 0.1636 180/180
48   G    -1.1754  [-1.3917,-1.1112] 0.1142 180/180
49   W    -1.1987  [-1.3917,-1.1112] 0.1067 180/180
50   V    -0.8014  [-0.9760,-0.7131] 0.1267 180/180
51   P    -1.2501  [-1.3917,-1.2695] 0.0594 180/180
52   T    -0.2754  [-0.5766,-0.1109] 0.1789 180/180
53   A    -0.8541  [-1.1112,-0.8452] 0.1225 180/180
54   Y    -1.2661  [-1.3917,-1.2695] 0.0238 180/180
55   M    -0.5217  [-0.7131,-0.4331] 0.1717 180/180
56   T    0.3835   [0.0769,0.5396] 0.2652 180/180
57   P    0.2878   [-0.1109,0.5396] 0.2846 180/180
58   Y    1.2448   [0.5396,1.2512] 0.3629 180/180
59   K    3.3729   [1.8594,3.4110] 0.2407 168/180