resnum	aa	acc	max_acc	rsa
-1	K	68	236.0	0.288135593220339
0	D	129	193.0	0.6683937823834197
1	P	59	159.0	0.3710691823899371
2	K	92	236.0	0.3898305084745763
3	F	43	240.0	0.17916666666666667
4	E	57	223.0	0.2556053811659193
5	A	0	129.0	0.0
6	A	38	129.0	0.29457364341085274
7	Y	131	263.0	0.49809885931558934
8	D	84	193.0	0.43523316062176165
9	F	16	240.0	0.06666666666666667
10	P	105	159.0	0.660377358490566
11	G	29	104.0	0.27884615384615385
12	S	95	155.0	0.6129032258064516
13	G	78	104.0	0.75
14	S	52	155.0	0.33548387096774196
15	S	137	155.0	0.8838709677419355
16	S	70	155.0	0.45161290322580644
17	E	29	223.0	0.13004484304932734
18	L	7	201.0	0.03482587064676617
19	P	75	159.0	0.4716981132075472
20	L	5	201.0	0.024875621890547265
21	K	137	236.0	0.5805084745762712
22	K	132	236.0	0.559322033898305
23	G	32	104.0	0.3076923076923077
24	D	65	193.0	0.33678756476683935
25	I	44	197.0	0.2233502538071066
26	V	0	174.0	0.0
27	F	52	240.0	0.21666666666666667
28	I	4	197.0	0.02030456852791878
29	S	49	155.0	0.3161290322580645
30	R	161	274.0	0.5875912408759124
31	D	119	193.0	0.616580310880829
32	E	89	223.0	0.3991031390134529
33	P	127	159.0	0.7987421383647799
34	S	86	155.0	0.5548387096774193
35	G	35	104.0	0.33653846153846156
36	W	94	285.0	0.3298245614035088
37	S	1	155.0	0.0064516129032258064
38	L	18	201.0	0.08955223880597014
39	A	0	129.0	0.0
40	K	72	236.0	0.3050847457627119
41	L	39	201.0	0.19402985074626866
42	L	75	201.0	0.373134328358209
43	D	122	193.0	0.6321243523316062
44	G	38	104.0	0.36538461538461536
45	S	70	155.0	0.45161290322580644
46	K	194	236.0	0.8220338983050848
47	E	96	223.0	0.4304932735426009
48	G	4	104.0	0.038461538461538464
49	W	56	285.0	0.19649122807017544
50	V	0	174.0	0.0
51	P	22	159.0	0.13836477987421383
52	T	35	172.0	0.20348837209302326
53	A	86	129.0	0.6666666666666666
54	Y	73	263.0	0.27756653992395436
55	M	20	224.0	0.08928571428571429
56	T	66	172.0	0.38372093023255816
57	P	93	159.0	0.5849056603773585
58	Y	70	263.0	0.2661596958174905
59	K	202	236.0	0.8559322033898306
60	D	85	193.0	0.44041450777202074
61	T	66	172.0	0.38372093023255816
62	R	295	274.0	1.0766423357664234
63	N	67	195.0	0.3435897435897436
64	T	142	172.0	0.8255813953488372
65	V	97	174.0	0.5574712643678161
66	P	109	159.0	0.6855345911949685
67	V	218	174.0	1.2528735632183907
